$ 3 0.05 0.34903429574618416 50 5 43 5e-11
R -2392 208 -2576 208 0 0 40 5 0 0 0.5
w -2008 312 -2024 312 0
w -2008 344 -2088 344 0
w -1832 232 -1832 328 0
w -2024 232 -1832 232 0
w -1832 328 -1808 328 0
409 -2008 328 -1832 328 1 0.6 -1.9621271654781889 0.023100000000000002 0
g -2392 480 -2392 512 0 0
w -1920 280 -1920 296 0
w -1808 192 -1920 192 0
w -1808 328 -1808 192 0
w -1808 328 -1568 328 0
w -2024 312 -2024 232 0
w -2024 192 -2200 192 0
w -2200 344 -2200 192 0
g -2088 472 -2088 512 0 0
r -2200 344 -2392 344 0 17000
r -2088 344 -2200 344 0 17000
c -2088 344 -2088 472 4 0.00000102 2.496586275162751 0.001 0
c -2024 192 -1920 192 4 0.000001 0.000763111147292328 0.001 0
R -1920 280 -1960 280 0 0 40 5 0 0 0.5
w -1920 360 -1920 408 0
g -1920 408 -1920 456 0 0
w -808 1320 -744 1320 0
w -808 1304 -808 1320 0
w -744 1224 -808 1224 0
d -808 1224 -808 1304 2 default
165 -648 1192 -520 1192 14 0
R -584 1144 -584 1112 0 0 40 5 0 0 0.5
r -744 1224 -744 1160 0 1000
r -744 1320 -744 1256 0 12000
c -744 1416 -744 1368 4 0.00009999999999999999 -3.3827822777883103 0.001 0
w -584 1160 -584 1144 0
g -552 1352 -552 1384 0 0
w -584 1160 -744 1160 0
w -648 1224 -744 1224 0
w -744 1256 -744 1224 0
w -744 1320 -696 1320 0
w -696 1320 -696 1288 0
w -696 1288 -648 1288 0
w -648 1320 -664 1320 0
w -664 1320 -696 1320 0
w -744 1320 -744 1368 0
g -744 1416 -744 1448 0 0
w -520 1224 -488 1224 0
w -488 1224 -488 1160 0
w -488 1160 -584 1160 0
w -520 1256 -392 1256 0
w -392 960 -328 960 0
w -392 800 -392 960 0
w -392 800 -328 800 0
w -392 640 -392 800 0
w -392 640 -328 640 0
w -232 928 -160 928 0
w -424 928 -328 928 0
w -456 768 -328 768 0
w -920 776 -920 720 0
155 -328 928 -296 928 0 5
155 -328 768 -280 768 0 5
155 -328 608 -264 608 0 0
w -1264 776 -1376 776 0
w -1376 776 -1376 760 0
w -1184 776 -1264 776 0
w -1280 840 -1344 840 0
w -1344 840 -1344 600 0
w -1280 856 -1376 856 0
w -1328 904 -1328 520 0
w -1280 904 -1328 904 0
w -1344 920 -1344 840 0
w -1280 920 -1344 920 0
w -1360 680 -1408 680 0
w -1360 936 -1360 680 0
w -1280 936 -1360 936 0
w -1376 856 -1376 776 0
w -1376 760 -1408 760 0
w -1376 952 -1376 856 0
w -1280 952 -1376 952 0
w -1408 872 -1408 920 0
w -1280 872 -1408 872 0
w -1392 840 -1408 840 0
w -1392 968 -1392 840 0
w -1280 968 -1392 968 0
w -1408 920 -1408 984 0
w -1408 984 -1280 984 0
w -1328 520 -1408 520 0
w -1408 600 -1344 600 0
w -1280 1000 -1408 1000 0
154 -1280 952 -1184 952 0 7 5 5
154 -1280 856 -1184 856 0 3 5 5
g -1680 1064 -1680 1080 0 0
w -1568 1016 -1568 936 0
w -1568 936 -1568 856 0
w -1568 856 -1568 776 0
w -1568 776 -1568 696 0
w -1568 696 -1568 616 0
w -1568 616 -1568 536 0
w -1568 536 -1568 328 0
w -1504 1016 -1568 1016 0
w -1504 936 -1568 936 0
w -1504 856 -1568 856 0
w -1504 776 -1568 776 0
w -1504 696 -1568 696 0
w -1504 616 -1568 616 0
w -1504 536 -1568 536 0
R -1680 424 -1680 392 0 0 40 5 0 0 0.5
r -1680 984 -1680 1064 0 1000
r -1680 904 -1680 984 0 1000
r -1680 824 -1680 904 0 1000
r -1680 744 -1680 824 0 1000
r -1680 664 -1680 744 0 1000
r -1680 584 -1680 664 0 1000
r -1680 504 -1680 584 0 1000
r -1680 504 -1680 424 0 1000
w -1504 824 -1680 824 0
w -1504 904 -1680 904 0
w -1504 984 -1680 984 0
w -1504 744 -1680 744 0
w -1504 664 -1680 664 0
w -1504 584 -1680 584 0
w -1504 504 -1680 504 0
a -1504 520 -1408 520 8 15 -15 1000000 4.375 2.496782142188265 100000
a -1504 600 -1408 600 8 15 -15 1000000 3.75 2.496782142188265 100000
a -1504 680 -1408 680 8 15 -15 1000000 3.1249999999999996 2.496782142188265 100000
a -1504 1000 -1408 1000 8 15 -15 1000000 0.6249999999999997 2.496782142188265 100000
a -1504 920 -1408 920 8 15 -15 1000000 1.2499999999999993 2.496782142188265 100000
a -1504 840 -1408 840 8 15 -15 1000000 1.8749999999999991 2.496782142188265 100000
a -1504 760 -1408 760 8 15 -15 1000000 2.499999999999999 2.496782142188265 100000
w 1600 616 1600 936 0
w 1520 616 1600 616 0
w 1584 648 1520 648 0
w 1584 904 1584 648 0
w 1360 936 1600 936 0
w 1360 904 1584 904 0
w 1200 808 1360 936 0
w 1200 776 1360 904 0
w 1360 872 1200 744 0
w 1568 872 1360 872 0
w 1568 680 1568 872 0
w 1520 680 1568 680 0
w 1552 712 1552 840 0
w 1520 712 1552 712 0
w 1360 840 1552 840 0
w 1200 712 1360 840 0
w 1456 808 1456 744 0
w 1360 808 1456 808 0
w 1200 680 1360 808 0
w 1424 776 1424 744 0
w 1360 776 1424 776 0
w 1200 648 1360 776 0
w 1360 744 1392 744 0
w 1200 616 1360 744 0
197 1072 616 1120 616 2048
157 1360 616 1376 616 1024 7 0 0
w -392 960 -392 1256 0
154 -160 592 0 592 0 2 0 5
154 -160 752 -8 752 0 2 0 5
154 -160 912 0 912 0 2 0 5
w -232 768 -160 768 0
w -232 608 -160 608 0
w -160 576 -328 576 0
w -328 576 -328 608 0
w -160 736 -328 736 0
w -328 736 -328 768 0
w -160 896 -328 896 0
w -328 896 -328 928 0
152 72 752 280 752 0 3 0 5
w -8 752 72 752 0
w 72 736 72 592 0
w 72 592 0 592 0
w 72 768 72 912 0
w 0 912 72 912 0
w 248 1200 320 1200 0
w 248 1168 280 1168 0
g 24 1360 24 1392 0 0
w 24 1264 24 1312 0
w 104 1264 72 1264 0
w 120 1264 104 1264 0
w 72 1232 120 1232 0
w 72 1264 72 1232 0
w 24 1264 72 1264 0
w 24 1200 24 1168 0
w 120 1168 24 1168 0
w 184 1104 24 1104 0
g 216 1296 216 1328 0 0
w 184 1104 184 1088 0
c 24 1360 24 1312 4 0.00047 -2.746964086618557 0.001 0
r 24 1168 24 1104 0 1000
R 184 1088 184 1056 0 0 40 5 0 0 0.5
165 120 1136 248 1136 6 0
d -40 1168 -40 1264 2 default
w 24 1168 -40 1168 0
w -40 1264 24 1264 0
155 520 632 584 632 0 0
155 520 792 568 792 0 5
155 520 952 552 952 0 5
w 344 632 520 632 0
w 344 792 520 792 0
w 344 952 520 952 0
w 456 664 520 664 0
w 456 824 520 824 0
w 456 984 520 984 0
w 344 632 -160 632 0
w 344 792 -160 792 0
w 344 952 -160 952 0
w 456 664 456 824 0
w 456 824 456 984 0
w 456 1032 456 1296 0
w 728 952 728 688 0
w 984 712 1072 712 0
w 616 792 744 792 0
w 744 792 744 736 0
w 1000 744 1072 744 0
w 712 632 760 632 0
w 760 632 760 784 0
w 1016 776 1072 776 0
403 -1032 1600 -568 1816 0 47_64_0_4099_5_0.00009765625_-1_2_47_3_Sampling\sClock
w -160 632 -160 608 0
w -160 792 -160 768 0
w -160 952 -160 928 0
w 24 1360 -40 1360 0
159 -40 1264 -40 1360 2 20 10000000000 2.5
w 280 752 280 1032 0
w -88 1032 -88 1312 0
w 184 1104 280 1104 0
w 280 1104 280 1168 0
w -88 1032 280 1032 0
w -88 1312 -56 1312 0
w 616 952 728 952 0
w 616 632 712 632 0
w -328 608 -488 608 0
w -840 720 -840 856 0
w -840 856 -912 856 0
w -912 952 -760 952 0
w -760 952 -760 768 0
w -488 608 -600 608 0
w -648 672 -600 672 0
w -600 608 -600 672 0
w -648 720 -456 720 0
w -456 720 -456 768 0
w -424 928 -480 928 0
w -480 768 -480 928 0
w -648 768 -480 768 0
w 1016 776 1016 792 0
w 984 696 984 712 0
w 832 688 728 688 0
w 856 736 744 736 0
w -760 536 -760 504 0
w -840 536 -840 472 0
w -920 536 -920 440 0
w -760 504 832 512 0
w -840 472 856 480 0
w -920 440 872 448 0
w -1184 952 -1016 952 0
w -1016 952 -912 952 0
w -1184 856 -1064 856 0
w -1064 856 -912 856 0
w -1184 776 -1112 776 0
w -1112 776 -920 776 0
r -2392 344 -2392 480 0 53469.53
374 -2392 208 -2392 344 0 0.46540000000000004 Light\sBrightness
r 24 1200 24 1264 0 60000
b -2325 154 -1778 545 0
x -2097 140 -2026 143 4 32 Filter
g -1360 -552 -1360 -472 0 0
r -1472 -664 -1328 -664 0 8300
w -1360 -552 -1360 -632 0
w -1056 -616 -1056 -552 0
w -1360 -552 -1056 -552 0
w -1360 -632 -1328 -632 0
w -1312 -1000 -1312 -848 0
w -1328 -808 -1328 -880 0
w -1328 -808 -1328 -744 0
w -1216 -808 -1216 -744 0
r -1216 -808 -1144 -808 0 10
a -1056 -632 -928 -632 8 6 -6 1000000 -2.000019692706883 0 100000
r -1152 -648 -1056 -648 0 1000
r -1056 -728 -976 -728 0 1000
w -1056 -728 -1056 -648 0
w -976 -728 -928 -728 0
w -928 -728 -928 -632 0
w -1216 -648 -1152 -648 2
w -1216 -744 -1216 -648 2
w -1232 -744 -1216 -744 0
w -1328 -744 -1328 -664 0
c -1328 -744 -1232 -744 4 0.0012 12.394153211752371 0.001 0
a -1328 -648 -1216 -648 8 10 -10 1000000 2.393913830369336 0 100000
a -624 -200 -528 -200 8 15 -15 1000000 2.4999999999999996 6.00019999596927 100000
a -624 -120 -528 -120 8 15 -15 1000000 1.8749999999999993 6.00019999596927 100000
a -624 -40 -528 -40 8 15 -15 1000000 1.2499999999999993 6.00019999596927 100000
a -624 40 -528 40 8 15 -15 1000000 0.6249999999999997 6.00019999596927 100000
a -624 -280 -528 -280 8 15 -15 1000000 3.1249999999999996 6.00019999596927 100000
a -624 -360 -528 -360 8 15 -15 1000000 3.75 6.00019999596927 100000
a -624 -440 -528 -440 8 15 -15 1000000 4.375 6.00019999596927 100000
w -624 -456 -800 -456 0
w -624 -376 -800 -376 0
w -624 -296 -800 -296 0
w -624 -216 -800 -216 0
w -624 24 -800 24 0
w -624 -56 -800 -56 0
w -624 -136 -800 -136 0
r -800 -456 -800 -536 0 1000
r -800 -456 -800 -376 0 1000
r -800 -376 -800 -296 0 1000
r -800 -296 -800 -216 0 1000
r -800 -216 -800 -136 0 1000
r -800 -136 -800 -56 0 1000
r -800 -56 -800 24 0 1000
r -800 24 -800 104 0 1000
R -800 -536 -800 -568 0 0 40 5 0 0 0.5
w -624 -424 -688 -424 0
w -624 -344 -688 -344 0
w -624 -264 -688 -264 0
w -624 -184 -688 -184 0
w -624 -104 -688 -104 0
w -624 -24 -688 -24 0
w -624 56 -688 56 0
w -688 -424 -688 -632 0
w -688 -344 -688 -424 0
w -688 -264 -688 -344 0
w -688 -184 -688 -264 0
w -688 -104 -688 -184 0
w -688 -24 -688 -104 0
w -688 56 -688 -24 0
g -800 104 -800 120 0 0
154 -400 -104 -304 -104 0 3 5 5
154 -400 -8 -304 -8 0 7 5 5
w -400 40 -528 40 0
w -528 -360 -464 -360 0
w -448 -440 -528 -440 0
w -528 24 -400 24 0
w -528 -40 -528 24 0
w -400 8 -512 8 0
w -512 8 -512 -120 0
w -512 -120 -528 -120 0
w -400 -88 -528 -88 0
w -528 -88 -528 -40 0
w -400 -8 -496 -8 0
w -496 -8 -496 -104 0
w -496 -200 -528 -200 0
w -496 -104 -496 -184 0
w -400 -24 -480 -24 0
w -480 -24 -480 -280 0
w -480 -280 -528 -280 0
w -400 -40 -464 -40 0
w -464 -40 -464 -120 0
w -400 -56 -448 -56 0
w -448 -56 -448 -440 0
w -400 -104 -496 -104 0
w -464 -120 -464 -360 0
w -400 -120 -464 -120 0
w -104 -184 -384 -184 0
w -496 -184 -496 -200 0
w -384 -184 -496 -184 0
w -928 -632 -688 -632 0
w -1568 328 -1568 -664 2
w -1712 -936 -1648 -936 0
w -1712 -952 -1712 -936 0
w -1648 -1032 -1712 -1032 0
d -1712 -1032 -1712 -952 2 default
165 -1552 -1064 -1424 -1064 14 0
R -1488 -1112 -1488 -1144 0 0 40 5 0 0 0.5
r -1648 -1032 -1648 -1096 0 1000
r -1648 -936 -1648 -1000 0 28500
c -1648 -840 -1648 -888 4 0.00047 -0.04950495049505451 0.001 0
w -1488 -1096 -1488 -1112 0
g -1456 -904 -1456 -872 0 0
w -1488 -1096 -1648 -1096 0
w -1552 -1032 -1648 -1032 0
w -1648 -1000 -1648 -1032 0
w -1648 -936 -1600 -936 0
w -1600 -936 -1600 -968 0
w -1600 -968 -1552 -968 0
w -1552 -936 -1568 -936 0
w -1568 -936 -1600 -936 0
w -1648 -936 -1648 -888 0
g -1648 -840 -1648 -808 0 0
w -1424 -1032 -1392 -1032 0
w -1392 -1032 -1392 -1040 0
w -1424 -1000 -1312 -1000 0
w -1568 -664 -1472 -664 2
403 -1656 -1816 1584 -1368 0 269_64_0_4106_0.0000762939453125_0.1_-1_2_269_3_Averaging\sClock
157 1568 -552 1584 -552 1024 7 0 0
197 1280 -552 1328 -552 2048
w 1408 -552 1568 -424 0
w 1568 -424 1600 -424 0
w 1408 -520 1568 -392 0
w 1568 -392 1632 -392 0
w 1632 -392 1632 -424 0
w 1408 -488 1568 -360 0
w 1568 -360 1664 -360 0
w 1664 -360 1664 -424 0
w 1408 -456 1568 -328 0
w 1568 -328 1760 -328 0
w 1728 -456 1760 -456 0
w 1760 -456 1760 -328 0
w 1728 -488 1776 -488 0
w 1776 -488 1776 -296 0
w 1776 -296 1568 -296 0
w 1568 -296 1408 -424 0
w 1408 -392 1568 -264 0
w 1408 -360 1568 -232 0
w 1568 -264 1792 -264 0
w 1568 -232 1808 -232 0
w 1792 -264 1792 -520 0
w 1792 -520 1728 -520 0
w 1728 -552 1808 -552 0
w 1808 -552 1808 -232 0
w -304 -8 -24 -8 0
w -304 -104 -144 -104 0
w -144 -104 -144 -40 0
w -104 -72 -104 -184 0
w -1312 -1000 -80 -1000 0
196 400 -296 472 -296 2 4
w 96 -8 216 -8 0
w -144 -40 216 -40 0
w -104 -72 216 -72 0
155 712 -352 720 -352 11 0
155 712 -424 728 -424 11 0
w 712 -408 680 -408 0
w 712 -336 680 -336 0
w 712 -264 680 -264 0
w 712 -48 680 -48 0
w 712 -120 680 -120 0
w 712 -192 680 -192 0
w 712 24 680 24 0
w 680 -408 680 -336 0
w 680 -336 680 -264 0
w 680 -264 680 -192 0
w 680 -192 680 -120 0
w 680 -120 680 -48 0
w 680 -48 680 24 0
w -80 208 680 208 0
w 680 24 680 208 0
w 336 40 664 40 0
w 632 -280 600 -280 0
w 600 -136 600 -280 0
w 496 -136 600 -136 0
w 616 -352 584 -352 0
w 584 -352 584 -168 0
w 584 -168 496 -168 0
w 632 -424 568 -424 0
w 568 -424 568 -200 0
w 568 -200 496 -200 0
w 760 -424 792 -424 0
w 792 -424 792 -552 0
w 792 -552 368 -552 0
w 760 -352 808 -352 0
w 808 -352 808 -568 0
w 760 -280 824 -280 0
w 760 -208 840 -208 0
w 760 -136 856 -136 0
w 760 -64 872 -64 0
w 760 8 888 8 0
w 824 -584 824 -280 0
w 840 -600 840 -208 0
w 856 -616 856 -136 0
w 872 -632 872 -64 0
w 888 -648 888 8 0
w 808 -568 352 -568 0
w 824 -584 336 -584 0
w 840 -600 200 -600 0
w 856 -616 184 -616 0
w 872 -632 168 -632 0
w 888 -648 152 -648 0
w 616 -352 712 -352 0
w 632 -280 712 -280 0
w 616 -208 712 -208 0
w 632 -136 712 -136 0
w 648 -64 712 -64 0
w 664 8 712 8 0
w 632 -424 712 -424 0
w 792 -424 1032 -424 0
w 808 -352 1032 -352 0
w 1280 -392 1208 -392 0
w 1280 -424 1192 -424 0
w -24 -8 96 -8 0
w -80 -1000 -80 208 0
164 72 -1000 136 -1000 0 6 0 0 0 0 0 0 false 0
w -80 -1000 -8 -1000 0
w 168 -1000 272 -1000 0
w 272 -1000 272 -952 0
w 272 -952 568 -952 0
w -8 -1000 -8 -808 0
w -8 -808 504 -808 0
w -8 -1000 72 -1000 0
w 568 -952 600 -952 0
w 672 -1040 72 -1040 0
w 48 -1040 48 -840 0
w 48 -840 72 -840 0
w -1376 -1040 -104 -1040 0
I 48 -1040 -40 -1040 0 0.5 5
155 1032 -496 1064 -496 3 0
155 1032 -424 1064 -424 3 0
155 1032 -352 1064 -352 3 0
w 1080 -352 1136 -352 0
w 1136 -352 1136 -456 0
w 1136 -456 1280 -456 0
w 1080 -424 1192 -424 0
w 1080 -496 1152 -496 0
w 1152 -496 1152 -392 0
w 1152 -392 1208 -392 0
w 1032 -408 1000 -408 0
w 1032 -336 1000 -336 0
w 1000 -264 1000 -336 0
w 1000 -336 1000 -408 0
w 1000 -480 1000 -936 0
155 600 -952 632 -952 1 5
w 504 -848 592 -848 0
w 592 -848 592 -936 0
w 592 -936 600 -936 0
w 672 -952 712 -952 0
w 592 -848 712 -848 0
155 712 -280 720 -280 11 0
155 712 -208 720 -208 11 0
155 712 -136 720 -136 11 0
155 712 -64 720 -64 11 0
155 712 8 720 8 11 0
w 1000 -264 1000 56 0
w 712 -392 712 -320 0
w 712 -320 712 -248 0
w 712 -248 712 -176 0
w 712 -176 712 -104 0
w 712 -104 712 -32 0
w 712 -32 712 40 0
w 840 56 712 56 0
w 712 56 712 40 0
w -104 -1040 -72 -1040 0
w -72 -1040 -40 -1040 0
w 72 -1040 48 -1040 0
w 1024 -848 1024 -464 0
w 1024 -392 1024 -320 0
w 1024 -320 1032 -320 0
w 1024 -392 1032 -392 0
s 712 -848 816 -848 0 1 false
w 648 -952 672 -952 0
w 672 -952 672 -1040 0
R 816 -848 864 -848 0 0 40 5 0 0 0.5
196 216 -232 288 -232 2 4
w 312 -72 336 -72 0
w 312 -104 352 -104 0
w 312 -136 368 -136 0
w 312 -168 384 -168 0
w 216 -136 152 -136 0
w 216 -168 168 -168 0
w 216 -200 184 -200 0
w 216 -232 200 -232 0
w 152 -136 152 -648 0
w 168 -168 168 -632 0
w 184 -200 184 -616 0
w 200 -232 200 -600 0
w 336 -72 336 40 0
w 352 -104 352 24 0
w 368 -136 368 8 0
w 384 -168 384 -8 0
w 384 -8 616 -8 0
w 368 8 632 8 0
w 352 24 648 24 0
w 664 8 664 40 0
w 648 -64 648 24 0
w 632 -136 632 8 0
w 616 -208 616 -8 0
w 400 -200 336 -200 0
w 400 -232 352 -232 0
w 400 -264 368 -264 0
w 336 -200 336 -584 0
w 352 -232 352 -568 0
w 368 -264 368 -552 0
w 312 -232 320 -232 0
w 320 -232 320 -40 0
w 320 -40 400 -40 0
w -760 600 -760 768 0
w -840 600 -840 720 0
w -920 720 -920 672 0
w -920 672 -920 600 0
w -744 672 -920 672 0
w -744 720 -840 720 0
164 320 1200 376 1200 0 4 0 5 0 0 false 0
w 456 984 456 1032 0
w 320 1296 320 1032 0
403 -40 1504 432 1728 0 171_64_0_4106_5_0.1_-1_2_171_3_Stability\sClock
w 416 1296 456 1296 0
w 280 1032 320 1032 0
w 760 784 872 784 0
w 872 800 872 448 0
155 712 -496 728 -496 11 0
w 496 -232 544 -232 0
w 544 -232 544 -496 0
w 544 -496 712 -496 0
w 680 -408 680 -480 0
w 680 -480 712 -480 0
w 712 -392 712 -464 0
w 760 -496 776 -496 0
w 776 -496 1032 -496 0
w 776 -496 776 -536 0
w 384 -448 384 -296 0
w 384 -296 400 -296 0
w 776 -536 384 -536 0
w 384 -536 384 -448 0
w 1000 -480 1032 -480 0
w 1000 -480 1000 -408 0
w 1024 -464 1032 -464 0
w 1024 -464 1024 -392 0
w 504 -848 504 -808 0
w 400 -168 400 -136 0
w 400 -136 400 -104 0
w 400 -104 400 -72 0
g 400 -72 400 -24 0 0
g 216 -104 184 -104 0 0
g 216 24 192 24 0 0
w -1392 -1040 -1376 -1040 0
I 1000 56 840 56 0 0.5 5
w 944 -1040 1024 -1040 0
w 1024 -1040 1024 -848 0
w 712 -952 1000 -952 0
w 1000 -952 1000 -936 0
s 840 -1040 944 -1040 0 1 false
R 840 -1040 784 -1040 0 0 40 5 0 0 0.5
178 -1304 -880 -1224 -880 6 1 0.2 0 0.05 1000000 0.02 20 0.015 0.005 0
w -1328 -880 -1304 -880 0
w -1312 -848 -1304 -848 0
w -1224 -864 -1144 -864 0
w -1144 -864 -1144 -808 0
g -1224 -848 -1224 -832 0 0
152 832 696 976 696 1 2 5 5
152 856 744 1000 744 1 2 5 5
152 872 792 1016 792 1 2 0 5
w 976 696 984 696 0
w 832 704 832 512 0
w 856 752 856 480 0
s -920 600 -920 536 0 1 false
s -840 600 -840 536 0 1 false
s -760 600 -760 536 0 1 false
s -744 672 -648 672 0 0 false
s -744 720 -648 720 0 0 false
s -744 768 -648 768 0 0 false
w -760 768 -744 768 0
38 258 F1 0 999 100000 -1 Variable\sResistor
38 260 F1 0 60000 530000 -1 Var\sResistor\s-\sStability
38 362 F1 0 28000 83900 -1 Var\sResistor\s-\sAvg\s-\sTimer
38 264 F1 0 8300 25000 -1 Var\sResistor\s-\sAvg\s-\sIntegrator
